function col = bluemap(m)
%bluemap

col(:,1)=[
   0
   0
  83
 179];


col(:,2)=[
 191   
 191
 225
 255];


col(:,3)=[
 255
 255
 255
 255];

col=col/255;
