function col = coast(m)
%COAST
%  
%  

col(:,1)=[  
255	
255	 
255	 
255	 
223
175
128
80	
32	
0 	
]; 

col(:,2)=[ 
255 	
255	
255	
255	
223
175 
128
80	
32	
0
]; 

col(:,3)=[ 
255
100
160
205
255
255
255
255
255
255
]; 

col=col/255;