 function col = gray10(~)
 %GRAY10

 
col=[ 
  76  76  76
  96  96  96
  116 116 116
  136 136 136
  156 156 156
  176 176 176
  196 196 196
  216 216 216
  236 236 236
  255 255 255
  ]/255;