function col = pastel(m)
%EROSED

col(:,1)=[
155
128
251
255
];

col(:,2)=[
205
255
224
128
];

col(:,3)=[
255
128
 77
 64
];
col=col/255;