   function col = quickinbasic(m)
   %QUICKINBASIC
  
   
col=[  
  7.4901962e-001  0.0000000e+000  0.0000000e+000
  7.9284596e-001  7.9284596e-001  0.0000000e+000
  9.6815139e-001  9.6815139e-001  0.0000000e+000
  5.1375139e-001  5.1375139e-001  0.0000000e+000
  7.2945923e-001  7.2945923e-001  0.0000000e+000
  0.0000000e+000  7.7297509e-001  0.0000000e+000
  0.0000000e+000  9.9210685e-001  0.0000000e+000
  0.0000000e+000  9.9210685e-001  0.0000000e+000
  0.0000000e+000  5.3733253e-001  0.0000000e+000
  0.0000000e+000  7.0989883e-001  0.0000000e+000
  0.0000000e+000  7.5310421e-001  7.5310421e-001
  0.0000000e+000  9.7223598e-001  9.7223598e-001
  0.0000000e+000  5.1775479e-001  5.1775479e-001
  0.0000000e+000  7.3322558e-001  7.3322558e-001
  0.0000000e+000  0.0000000e+000  7.7678359e-001
  0.0000000e+000  0.0000000e+000  9.9591541e-001
  0.0000000e+000  0.0000000e+000  5.4108155e-001
  0.0000000e+000  0.0000000e+000  7.1364784e-001
  7.5691271e-001  0.0000000e+000  7.5691271e-001
  9.7604454e-001  0.0000000e+000  9.7604454e-001
  5.2152115e-001  0.0000000e+000  5.2152115e-001
  7.3722899e-001  0.0000000e+000  7.3722899e-001
  7.8086823e-001  7.8086823e-001  7.8086823e-001
  9.5617366e-001  9.5617366e-001  9.5617366e-001
  7.4901962e-001  7.4901962e-001  7.4901962e-001
];