 function col = quickinmap(m)
 %QUICKINMAP

 
col=[ 
  7.4901961e-001  0.0000000e+000  0.0000000e+000
  7.9284596e-001  7.9284596e-001  0.0000000e+000
  8.3667232e-001  8.3667232e-001  0.0000000e+000
  8.8049868e-001  8.8049868e-001  0.0000000e+000
  9.2432503e-001  9.2432503e-001  0.0000000e+000
  9.6815139e-001  9.6815139e-001  0.0000000e+000
  5.1375138e-001  5.1375138e-001  0.0000000e+000
  5.5689294e-001  5.5689294e-001  0.0000000e+000
  6.0003451e-001  6.0003451e-001  0.0000000e+000
  6.4317608e-001  6.4317608e-001  0.0000000e+000
  6.8631765e-001  6.8631765e-001  0.0000000e+000
  7.2945922e-001  7.2945922e-001  0.0000000e+000
  0.0000000e+000  7.7297509e-001  0.0000000e+000
  0.0000000e+000  8.1680145e-001  0.0000000e+000
  0.0000000e+000  8.6062781e-001  0.0000000e+000
  0.0000000e+000  9.0445416e-001  0.0000000e+000
  0.0000000e+000  9.4828052e-001  0.0000000e+000
  0.0000000e+000  9.9210687e-001  0.0000000e+000
  0.0000000e+000  5.3733256e-001  0.0000000e+000
  0.0000000e+000  5.8047413e-001  0.0000000e+000
  0.0000000e+000  6.2361569e-001  0.0000000e+000
  0.0000000e+000  6.6675726e-001  0.0000000e+000
  0.0000000e+000  7.0989883e-001  0.0000000e+000
  0.0000000e+000  7.5310422e-001  7.5310422e-001
  0.0000000e+000  7.9693058e-001  7.9693058e-001
  0.0000000e+000  8.4075694e-001  8.4075694e-001
  0.0000000e+000  8.8458329e-001  8.8458329e-001
  0.0000000e+000  9.2840965e-001  9.2840965e-001
  0.0000000e+000  9.7223600e-001  9.7223600e-001
  0.0000000e+000  5.1775479e-001  5.1775479e-001
  0.0000000e+000  5.6084895e-001  5.6084895e-001
  0.0000000e+000  6.0394312e-001  6.0394312e-001
  0.0000000e+000  6.4703728e-001  6.4703728e-001
  0.0000000e+000  6.9013144e-001  6.9013144e-001
  0.0000000e+000  7.3322560e-001  7.3322560e-001
  0.0000000e+000  0.0000000e+000  7.7678360e-001
  0.0000000e+000  0.0000000e+000  8.2060996e-001
  0.0000000e+000  0.0000000e+000  8.6443632e-001
  0.0000000e+000  0.0000000e+000  9.0826267e-001
  0.0000000e+000  0.0000000e+000  9.5208903e-001
  0.0000000e+000  0.0000000e+000  9.9591538e-001
  0.0000000e+000  0.0000000e+000  5.4108156e-001
  0.0000000e+000  0.0000000e+000  5.8422313e-001
  0.0000000e+000  0.0000000e+000  6.2736470e-001
  0.0000000e+000  0.0000000e+000  6.7050627e-001
  0.0000000e+000  0.0000000e+000  7.1364784e-001
  7.5691273e-001  0.0000000e+000  7.5691273e-001
  8.0073909e-001  0.0000000e+000  8.0073909e-001
  8.4456545e-001  0.0000000e+000  8.4456545e-001
  8.8839180e-001  0.0000000e+000  8.8839180e-001
  9.3221816e-001  0.0000000e+000  9.3221816e-001
  9.7604451e-001  0.0000000e+000  9.7604451e-001
  5.2152117e-001  0.0000000e+000  5.2152117e-001
  5.6466274e-001  0.0000000e+000  5.6466274e-001
  6.0780431e-001  0.0000000e+000  6.0780431e-001
  6.5094588e-001  0.0000000e+000  6.5094588e-001
  6.9408745e-001  0.0000000e+000  6.9408745e-001
  7.3722902e-001  0.0000000e+000  7.3722902e-001
  7.8086822e-001  7.8086822e-001  7.8086822e-001
  8.2469458e-001  8.2469458e-001  8.2469458e-001
  8.6852093e-001  8.6852093e-001  8.6852093e-001
  9.1234729e-001  9.1234729e-001  9.1234729e-001
  9.5617364e-001  9.5617364e-001  9.5617364e-001
  7.4901961e-001  7.4901961e-001  7.4901961e-001
];