function c = UCIT_colorscheme4
c = [             0         0    0.5020
         0         0    0.5472;
         0         0    0.5925;
         0         0    0.6378;
         0         0    0.6831;
         0         0    0.7283;
         0         0    0.7736;
         0         0    0.8189;
         0         0    0.8642;
         0         0    0.9094;
         0         0    0.9547;
         0         0    1.0000;
         0         0    1.0000;
         0         0    1.0000;
         0         0    1.0000;
         0         0    1.0000;
         0         0    1.0000;
         0         0    1.0000;
         0         0    1.0000;
         0         0    1.0000;
         0         0    1.0000;
         0         0    1.0000;
         0         0    1.0000;
         0         0    1.0000;
         0         0    1.0000;
         0         0    1.0000;
         0         0    1.0000;
    0.0041    0.0370    0.9985;
    0.0081    0.0739    0.9970;
    0.0122    0.1109    0.9955;
    0.0163    0.1478    0.9940;
    0.0204    0.1848    0.9925;
    0.0244    0.2217    0.9910;
    0.0285    0.2587    0.9894;
    0.0326    0.2956    0.9879;
    0.0367    0.3326    0.9864;
    0.0407    0.3695    0.9849;
    0.0448    0.4065    0.9834;
    0.0489    0.4434    0.9819;
    0.0529    0.4804    0.9804;
    0.0570    0.5173    0.9789;
    0.0611    0.5543    0.9774;
    0.0652    0.5913    0.9759;
    0.0692    0.6282    0.9744;
    0.0733    0.6652    0.9729;
    0.0774    0.7021    0.9713;
    0.0814    0.7391    0.9698;
    0.0855    0.7760    0.9683;
    0.0896    0.8130    0.9668;
    0.0937    0.8499    0.9653;
    0.0977    0.8869    0.9638;
    0.1018    0.9238    0.9623;
    0.1059    0.9608    0.9608;
    0.3791    0.9726    0.9739;
    0.6523    0.9843    0.9869;
    0.9255    0.9961    1.0000;
    1.0000    1.0000    0.5020;
    1.0000    0.7510    0.2510;
    1.0000    0.5020         0;
    0.5020    0.2510         0;
         0    0.7686         0;
         0    0.5961         0;
         0    0.4235         0;
         0    0.2510         0];
			      
			      
			      
			      
			      
			      
			      
			      
			      
			      
			      
			      
			      
			      
			      
			      
			      
			      
			      
			      
			      
			      
			      
			      
			      
			      
			      
			      
			      
			      
			      
			      
			      
			      
			      
			      
			      
			      
			      
			      
			      
			      
			      
			      
			      
			      
			      
			      
			      
			      
			      
			      
			      
			      
			      
			      
			      
			      
			      
			      
			      
			      
			      