 function c = UCIT_colorscheme5
c = [             0         0    0.5020
         0         0    0.6680
         0         0    0.8340
         0         0    1.0000
    0.0303    0.0303    1.0000
    0.0605    0.0605    1.0000
    0.0908    0.0908    1.0000
    0.1211    0.1211    1.0000
    0.1514    0.1514    1.0000
    0.1816    0.1816    1.0000
    0.2119    0.2119    1.0000
    0.2422    0.2422    1.0000
    0.2725    0.2725    1.0000
    0.3027    0.3027    1.0000
    0.3330    0.3330    1.0000
    0.3633    0.3633    1.0000
    0.3936    0.3936    1.0000
    0.4238    0.4238    1.0000
    0.4541    0.4541    1.0000
    0.4844    0.4844    1.0000
    0.5147    0.5147    1.0000
    0.5449    0.5449    1.0000
    0.5752    0.5752    1.0000
    0.6055    0.6055    1.0000
    0.6358    0.6358    1.0000
    0.6660    0.6660    1.0000
    0.6963    0.6963    1.0000
    0.7266    0.7266    1.0000
    0.7569    0.7569    1.0000
    0.5020    1.0000    1.0000
    0.7510    1.0000    1.0000
    1.0000    1.0000    1.0000
    1.0000    1.0000    1.0000
    1.0000    1.0000    0.5000
    1.0000    1.0000         0
    1.0000    0.9048    0.4333
    1.0000    0.8617    0.4127
    1.0000    0.8186    0.3921
    1.0000    0.7755    0.3714
    1.0000    0.7324    0.3508
    1.0000    0.6893    0.3302
    1.0000    0.6463    0.3095
    1.0000    0.6032    0.2889
    1.0000    0.5601    0.2683
    1.0000    0.5170    0.2476
    1.0000    0.4739    0.2270
    1.0000    0.4308    0.2063
    1.0000    0.3878    0.1857
    1.0000    0.3447    0.1651
    1.0000    0.3016    0.1444
    1.0000    0.2585    0.1238
    1.0000    0.2154    0.1032
    1.0000    0.1723    0.0825
    1.0000    0.1293    0.0619
    1.0000    0.0862    0.0413
    1.0000    0.0431    0.0206
    1.0000         0         0
    0.9289         0    0.0717
    0.8577         0    0.1434
    0.7866         0    0.2151
    0.7154         0    0.2868
    0.6443         0    0.3585
    0.5731         0    0.4303
    0.5020         0    0.5020];





















































